53.8640022278 ,
56.9453239441 ,
143.634796143 ,
62.8995895386 ,
143.215179443 ,
61.8834495544 ,
150.480270386 ,
60.8415603638 ,
52.2179603577 ,
154.34551239  ,
153.465270996 ,
67.9836273193 ,
148.481369019 ,
66.873550415  ,
151.631355286 ,
65.9461021423 ,
147.549152374 ,
64.7912025452 ,
149.395465851 ,
151.397705078 ,
59.7252845764 ,
62.8271102905 ,
157.397270203 ,
57.4593544006 ,
59.1168403625 ,
164.527893066 ,
59.1535568237 ,
175.643920898 ,
59.0047836304 ,
188.542842865 ,
58.8479042053 ,
184.552192688 ,
63.4303092957 ,
181.274414062 ,
62.3841285706 ,
190.783500671 ,
62.3831748962 ,
187.775611877 ,
179.741382599 ,
190.442562103 ,
66.1664009094 ,
67.4314498901 ,
62.0846748352 ,
198.224544525 ,
56.1814308167 ,
203.054428101 ,
52.7563095093 ,
194.374084473 ,
186.046123505 ,
68.1300163269 ,
179.126262665 ,
72.4000930786 ,
160.131454468 ,
82.0503234863 ,
148.635387421 ,
83.1642150879 ,
150.481700897 ,
81.850528717 ,
151.639938354 ,
148.770332336 ,
76.2205123901 ,
67.2569274902 ,
155.364513397 ,
60.5154037476 ,
66.0128593445 ,
169.57616806 ,
65.2179718018 ,
179.438114166 ,
75.9654045105 ,
75.056552887 ,
214.139461517 ,
70.4121589661 ,
226.79567337 ,
68.6502456665 ,
236.451148987 ,
78.3877372742 ,
237.494945526 ,
227.911472321 ,
228.522777557 ,
240.7579422 ,
90.1741981506 ,
92.7171707153 ,
87.1825218201 ,
78.7696838379 ,
246.590137482 ,
245.525360107 ,
77.8789520264 ,
238.981723785 ,
82.5595855713 ,
229.186534882 ,
97.8398323059 ,
217.239379883 ,
109.431743622 ,
213.629722595 ,
105.666160583 ,
218.342781067 ,
107.132911682 ,
228.078842163 ,
230.268001556 ,
226.686000824 ,
105.195522308 ,
96.3907241821 ,
89.2491340637 ,
226.048469543 ,
91.8140411377 ,
213.85717392 ,
204.26607132 ,
101.189613342 ,
197.427749634 ,
119.266033173 ,
190.410614014 ,
126.279354095 ,
189.225196838 ,
125.229358673 ,
188.210487366 ,
134.915351868 ,
187.160491943 ,
131.624221802 ,
191.707134247 ,
193.593025208 ,
133.710384369 ,
145.818710327 ,
203.46736908 ,
142.827987671 ,
216.042995453 ,
140.510559082 ,
213.550567627 ,
145.525932312 ,
211.074352264 ,
147.715568542 ,
216.688632965 ,
136.871814728 ,
218.873500824 ,
126.799583435 ,
206.835746765 ,
114.909172058 ,
189.813613892 ,
172.240257263 ,
110.929965973 ,
157.785415649 ,
110.27431488 ,
96.2152481079 ,
154.085159302 ,
87.0633125305 ,
158.15114975 ,
75.5209922791 ,
151.291847229 ,
68.8052177429 ,
154.079437256 ,
67.9154396057 ,
154.421806335 ,
66.8687820435 ,
153.680801392 ,
56.0522079468 ,
153.673171997 ,
66.9531822205 ,
151.389122009 ,
62.0112419128 ,
154.331207275 ,
156.564712524 ,
64.6572113037 ,
67.4619674683 ,
62.5462532043 ,
172.719478607 ,
56.8413734436 ,
185.633182526 ,
56.9586753845 ,
177.426338196 ,
168.241024017 ,
64.2786026001 ,
172.46055603 ,
68.8662528992 ,
163.111686707 ,
78.5422325134 ,
149.194717407 ,
80.4772377014 ,
150.873661041 ,
77.4302482605 ,
152.431488037 ,
152.071475983 ,
71.7587471008 ,
61.1743927002 ,
161.489486694 ,
54.8958778381 ,
156.148910522 ,
65.9937858582 ,
152.636051178 ,
79.41198349 ,
154.707431793 ,
90.2457237244 ,
151.473045349 ,
92.5078392029 ,
154.721736908 ,
79.8377990723 ,
155.828475952 ,
70.3864097595 ,
156.638622284 ,
63.4765625 ,
156.321048737 ,
154.729366302 