67.0280456543 ,
68.3326721191 ,
140.15007019 ,
143.507003784 ,
80.8534622192 ,
79.9202919006 ,
148.406982422 ,
78.5565376282 ,
147.027015686 ,
74.417591095 ,
147.327899933 ,
148.598670959 ,
88.2658958435 ,
88.1185531616 ,
152.508735657 ,
87.8643989563 ,
157.638549805 ,
86.5321159363 ,
156.307697296 ,
148.523330688 ,
81.0890197754 ,
82.3612213135 ,
161.49520874 ,
76.557636261 ,
76.4465332031 ,
167.015075684 ,
75.2897262573 ,
176.690101624 ,
74.5878219604 ,
194.56243515 ,
73.5039710999 ,
201.360225677 ,
78.4044265747 ,
201.533317566 ,
89.0827178955 ,
212.160587311 ,
91.1345481873 ,
215.278148651 ,
217.906475067 ,
230.843067169 ,
102.079391479 ,
110.237598419 ,
116.022586823 ,
238.798618317 ,
127.020835876 ,
237.595081329 ,
123.200416565 ,
236.881256104 ,
119.289398193 ,
236.018180847 ,
112.017631531 ,
230.10635376 ,
91.8235778809 ,
230.997562408 ,
72.0930099487 ,
221.00019455 ,
75.6025314331 ,
209.245204926 ,
198.791503906 ,
180.330276489 ,
63.6792182922 ,
76.5833854675 ,
166.074752808 ,
70.0030326843 ,
161.564350128 ,
73.7056732178 ,
155.096054077 ,
150.928020477 ,
80.7228088379 ,
79.7057151794 ,
150.094509125 ,
79.8087120056 ,
147.567272186 ,
72.6370811462 ,
147.579193115 ,
150.302886963 ,
88.9229774475 ,
83.8370323181 ,
162.267684937 ,
161.867618561 ,
85.8035087585 ,
87.8319740295 ,
171.181201935 ,
87.2731208801 ,
172.260284424 ,
90.9566879272 ,
160.034656525 ,
93.6951637268 ,
156.640052795 ,
77.1379470825 ,
159.205436707 ,
150.552749634 ,
86.3709449768 ,
85.9394073486 ,
155.463695526 ,
85.7424736023 ,
153.512477875 ,
85.5131149292 ,
152.645111084 ,
151.045799255 ,
78.7925720215 ,
77.4302482605 ,
157.181739807 ,
70.3353881836 ,
68.9387321472 ,
162.779331207 ,
69.007396698 ,
172.651767731 ,
68.1800842285 ,
184.446811676 ,
68.7909126282 ,
180.87387085 ,
178.547859192 ,
89.8580551147 ,
183.815479279 ,
95.0727462769 ,
176.100730896 ,
100.8644104 ,
167.636871338 ,
179.191589355 ,
111.698627472 ,
118.554115295 ,
196.77400589 ,
112.500667572 ,
208.601474762 ,
119.889259338 ,
204.796791077 ,
127.054214478 ,
201.31444931 ,
126.212596893 ,
200.568675995 ,
125.268936157 ,
199.531555176 ,
115.347385406 ,
198.503017426 ,
97.9423522949 ,
188.414573669 ,
88.7589454651 ,
171.073913574 ,
156.395435333 ,
82.7250480652 ,
81.7713737488 ,
152.854919434 ,
74.7284889221 ,
73.4100341797 ,
163.371086121 ,
167.055606842 ,
81.4681053162 ,
168.119907379 ,
90.9967422485 ,
161.845207214 ,
91.9222831726 ,
168.996810913 ,
79.9436569214 ,
180.75799942 ,
81.7546844482 ,
171.289920807 ,
86.6432189941 ,
162.197113037 ,
171.915531158 ,
90.7254219055 ,
92.7119255066 ,
183.460712433 ,
91.8169021606 ,
184.767246246 ,
101.522445679 ,
173.086643219 ,
113.353729248 ,
174.993991852 ,
109.679698944 ,
187.036037445 ,
106.366634369 ,
183.275699615 ,
110.214233398 ,
179.94594574 ,
100.77381134 ,
183.747291565 ,
98.5689163208 ,
174.371242523 ,
157.163143158 ,
92.0104980469 ,
83.58335495 ,
155.867576599 ,
77.868938446 ,
161.63110733 ,
78.0439376831 ,
167.464733124 ,
83.9223861694 ,
171.101093292 ,
100.790500641 ,
166.198253632 ,
113.099575043 ,
174.419403076 ,
110.358715057 ,
186.975479126 ,
119.149208069 ,
184.309005737 ,
127.436637878 ,
187.072277069 ,
200.329303741 