114.813804626 ,
146.018505096 ,
127.963066101 ,
146.060466766 ,
125.547885895 ,
150.427818298 ,
123.16608429 ,
150.22611618 ,
117.300987244 ,
155.980587006 ,
113.286972046 ,
166.652679443 ,
112.135887146 ,
101.905822754 ,
165.83108902 ,
102.377414703 ,
165.668964386 ,
165.525436401 ,
116.413593292 ,
160.547733307 ,
117.305278778 ,
112.265586853 ,
163.724899292 ,
163.22517395 ,
119.104385376 ,
156.599521637 ,
125.988483429 ,
150.764942169 ,
124.820232391 ,
154.153347015 ,
123.914718628 ,
155.488491058 ,
117.121219635 ,
153.837203979 ,
112.931251526 ,
160.110473633 ,
112.105369568 ,
154.909133911 ,
107.533931732 ,
161.014080048 ,
118.227005005 ,
165.446281433 ,
130.370140076 ,
164.417266846 ,
124.475479126 ,
120.907306671 ,
167.335033417 ,
120.81193924 ,
182.722568512 ,
110.055923462 ,
184.706687927 ,
107.757568359 ,
174.005508423 ,
117.775440216 ,
171.803474426 ,
171.765327454 ,
122.156143188 ,
111.484527588 ,
171.367168427 ,
166.310310364 ,
105.155467987 ,
108.690261841 ,
167.781352997 ,
113.970279694 ,
172.665119171 ,
111.098766327 ,
176.675319672 ,
107.882022858 ,
172.904014587 ,
117.251396179 ,
169.577598572 ,
118.663311005 ,
179.841518402 ,
109.644889832 ,
182.206630707 ,
172.154903412 ,
119.424819946 ,
127.656459808 ,
177.06155777 ,
190.139293671 ,
137.615203857 ,
149.597644806 ,
207.605361938 ,
146.148681641 ,
219.78521347 ,
142.659664154 ,
216.145515442 ,
146.730422974 ,
212.638378143 ,
148.06842804 ,
217.294692993 ,
135.643959045 ,
218.61076355 ,
126.798629761 ,
206.207275391 ,
114.901065826 ,
191.504478455 ,
173.968791962 ,
117.548942566 ,
159.963607788 ,
117.629528046 ,
156.86416626 ,
107.03086853 ,
155.660152435 ,
110.774993896 ,
146.682739258 ,
110.680580139 ,
160.541057587 ,
109.012126923 ,
105.232715607 ,
163.09261322 ,
107.807159424 ,
168.095588684 ,
107.748985291 ,
177.883625031 ,
117.646694183 ,
174.522399902 ,
124.723911285 ,
176.093578339 ,
188.206672668 ,
134.973049164 ,
148.167133331 ,
206.341743469 ,
144.93227005 ,
219.489097595 ,
142.177581787 ,
216.2733078 ,
146.787166595 ,
213.629722595 ,
148.175239563 ,
223.074436188 ,
136.538028717 ,
235.39686203 ,
127.893924713 ,
226.019382477 ,
122.466564178 ,
211.179256439 ,
130.828857422 ,
200.346469879 ,
198.053359985 ,
133.081912994 ,
192.152500153 ,
130.732536316 ,
183.835506439 ,
141.42036438 ,
178.002357483 ,
155.057907104 ,
173.002243042 ,
166.289806366 ,
181.884765625 ,
169.758796692 ,
203.266620636 ,
165.11297226 ,
207.094192505 ,
167.736053467 ,
169.806480408 ,
215.572834015 ,
164.979934692 ,
228.482723236 ,
238.991737366 ,
163.519859314 ,
169.782161713 ,
245.266437531 ,
167.757511139 ,
251.174926758 ,
166.006565094 ,
249.270915985 ,
236.639022827 ,
176.716327667 ,
232.419490814 ,
183.847904205 ,
222.243309021 ,
189.02349472 ,
223.526477814 ,
185.137271881 ,
225.323677063 ,
187.085151672 ,
188.195228577 ,
233.036994934 ,
240.170955658 ,
187.005519867 ,
177.530765533 ,
234.735012054 ,
223.283290863 ,
181.009292603 ,
220.11423111 ,
199.771404266 ,
222.525596619 ,
210.702896118 ,
206.995487213 ,
201.26247406 ,
211.618423462 ,
200.312137604 ,
216.320991516 ,
204.205989838 ,
227.177143097 ,
200.575351715 ,
229.329586029 ,
200.056552887 ,
234.458446503 